RG
0.843098107074 0.797260581408 0.88893563274 0.00121489039495
0.873659338135 0.838819438443 0.908499237826 0.00168863047389
0.894818328481 0.860187722452 0.929448934511 0.00220699082695
0.902194535995 0.866931084891 0.9374579871 0.00279217037418
0.914251237579 0.881226194658 0.947276280501 0.00324202103417
0.911064182285 0.878827605966 0.943300758604 0.00376095971581
0.917379842559 0.884684462273 0.950075222844 0.00438938044594
0.917972724219 0.885293904872 0.950651543565 0.00480791238909
0.932194810127 0.902379449479 0.962010170775 0.00544514150833
0.930765646223 0.902322444311 0.959208848135 0.0066685733715
0.935141724626 0.907867802433 0.962415646819 0.00631201155981
0.935576000597 0.908460999955 0.962691001238 0.00667044181768
0.935576000597 0.908460999955 0.962691001238 0.00725317459015
0.935576000597 0.908460999955 0.962691001238 0.00861642850873
0.937334969834 0.909769298037 0.96490064163 0.0096678743502
0.937805255778 0.910426987395 0.965183524162 0.0089332635958
0.940555987123 0.91294215983 0.968169814415 0.0103565747129
0.942503079402 0.914060547555 0.970945611249 0.0129072261755
0.942039405569 0.913720899577 0.970357911562 0.0112792757155
0.942039405569 0.913720899577 0.970357911562 0.0107489484096
0.942039405569 0.913720899577 0.970357911562 0.0111620974483
0.938661645407 0.909041457662 0.968281833152 0.0117576869099
0.938661645407 0.909041457662 0.968281833152 0.0121036163731
0.939470639547 0.909819433453 0.969121845641 0.0126527616013
0.939429634352 0.912192258339 0.966667010366 0.0131929649798
0.943544022223 0.916863331256 0.970224713191 0.0142253259782
0.954142585708 0.92981244489 0.978472726526 0.0154751385219
0.956431310638 0.932232038427 0.98063058285 0.015220584974
0.956431310638 0.932232038427 0.98063058285 0.0167021293302
0.956105088329 0.931935674988 0.98027450167 0.0159979475564
0.956105088329 0.931935674988 0.98027450167 0.0164166574468
0.959225580029 0.935385173005 0.983065987053 0.0168271817635
0.95965629597 0.93593315244 0.9833794395 0.0172376615933
0.95965629597 0.93593315244 0.9833794395 0.0177360473671
0.95965629597 0.93593315244 0.9833794395 0.0186264954298
0.95965629597 0.93593315244 0.9833794395 0.0192767591854
0.95965629597 0.93593315244 0.9833794395 0.0195861204878
0.95965629597 0.93593315244 0.9833794395 0.020358989902
0.959927066666 0.936302499294 0.983551634037 0.0220313826889
0.959927066666 0.936302499294 0.983551634037 0.0233493045443
0.960592648263 0.936734978504 0.984450318022 0.025054928981
0.961747353379 0.937400451156 0.986094255602 0.0241397017631
0.961747353379 0.937400451156 0.986094255602 0.0237200576496
0.961747353379 0.937400451156 0.986094255602 0.0241665717985
0.961747353379 0.937400451156 0.986094255602 0.0254808902221
0.962110145393 0.938178508043 0.986041782743 0.0280183291011
0.962110145393 0.938178508043 0.986041782743 0.0248591870008
0.962110145393 0.938178508043 0.986041782743 0.0270247606042
0.962110145393 0.938178508043 0.986041782743 0.0287940456713
0.962110145393 0.938178508043 0.986041782743 0.0293875442527
0.962110145393 0.938178508043 0.986041782743 0.0262382782251
0.962110145393 0.938178508043 0.986041782743 0.0291173758332
0.962110145393 0.938178508043 0.986041782743 0.0277186659241
0.962110145393 0.938178508043 0.986041782743 0.0285066608549
0.962110145393 0.938178508043 0.986041782743 0.0277953611909
0.962110145393 0.938178508043 0.986041782743 0.030034071116
0.96543154089 0.941744391009 0.98911869077 0.0292569309677
0.966034123073 0.942112004559 0.989956241586 0.030715520128
GS
0.843098107074 0.797260581408 0.88893563274 0.00123784559081
0.871968138302 0.83570973614 0.908226540464 0.00174183670305
0.882202994065 0.847677865419 0.916728122711 0.00233333337782
0.899108101171 0.866036143873 0.932180058469 0.00280800767985
0.900114500845 0.867721145087 0.932507856604 0.00358666037979
0.900114500845 0.867721145087 0.932507856604 0.00424123935636
0.90231536519 0.871284471147 0.933346259232 0.00452163974302
0.90231536519 0.871284471147 0.933346259232 0.00594886569969
0.92788922586 0.894286222376 0.961492229345 0.00539344783083
0.92788922586 0.894286222376 0.961492229345 0.00614407383815
0.934935399219 0.898490371528 0.971380426911 0.00633905954253
0.94231122845 0.903704973517 0.980917483383 0.00675501125049
0.942893958703 0.904262716557 0.98152520085 0.00766966013987
0.948343432278 0.910880922473 0.985805942082 0.00780156354245
0.947029557332 0.910775600009 0.983283514654 0.00976094076443
0.949494977376 0.91515218167 0.983837773083 0.00869103289529
0.949494977376 0.91515218167 0.983837773083 0.0092937402471
0.949494977376 0.91515218167 0.983837773083 0.0103345537401
0.949494977376 0.91515218167 0.983837773083 0.0131009217623
0.949494977376 0.91515218167 0.983837773083 0.0107678108186
0.952829889076 0.91960440752 0.986055370632 0.0119045378819
0.952829889076 0.91960440752 0.986055370632 0.0135461457937
0.952829889076 0.91960440752 0.986055370632 0.0124241883525
0.952829889076 0.91960440752 0.986055370632 0.0148957422605
0.954114345544 0.921050119532 0.987178571557 0.0144567018962
0.954114345544 0.921050119532 0.987178571557 0.0150571849074
0.954114345544 0.921050119532 0.987178571557 0.0148845760702
0.956248383152 0.924471694132 0.988025072172 0.0155645125306
0.956248383152 0.924471694132 0.988025072172 0.015321347607
0.956248383152 0.924471694132 0.988025072172 0.0161666415539
0.956248383152 0.924471694132 0.988025072172 0.015655399091
0.956859203764 0.925576516774 0.988141890753 0.0173395808835
0.956859203764 0.925576516774 0.988141890753 0.0171986911446
0.956859203764 0.925576516774 0.988141890753 0.0177373374847
0.952904251456 0.922979418231 0.982829084682 0.0184606041016
0.952904251456 0.922979418231 0.982829084682 0.0198035275463
0.953088202726 0.923141086714 0.983035318739 0.0193435338928
0.953088202726 0.923141086714 0.983035318739 0.0202076457618
0.953088202726 0.923141086714 0.983035318739 0.0204375091281
0.953088202726 0.923141086714 0.983035318739 0.020618303539
0.953088202726 0.923141086714 0.983035318739 0.0209644554362
0.952477061437 0.922291878516 0.982662244358 0.0216285545909
0.952477061437 0.922291878516 0.982662244358 0.0221155517404
0.952477061437 0.922291878516 0.982662244358 0.0225314589615
0.952477061437 0.922291878516 0.982662244358 0.0241320500311
0.952477061437 0.922291878516 0.982662244358 0.0236517703906
0.952477061437 0.922291878516 0.982662244358 0.0276427269331
0.952477061437 0.922291878516 0.982662244358 0.0261556217252
0.952477061437 0.922291878516 0.982662244358 0.027044156855
0.954158272453 0.925135915442 0.983180629464 0.0259225553083
0.954158272453 0.925135915442 0.983180629464 0.0268840488125
0.954158272453 0.925135915442 0.983180629464 0.0261794666574
0.954158272453 0.925135915442 0.983180629464 0.0271841123708
0.954158272453 0.925135915442 0.983180629464 0.0277304549297
0.954158272453 0.925135915442 0.983180629464 0.0286712175787
0.954158272453 0.925135915442 0.983180629464 0.029219606531
0.954648691386 0.92552522116 0.983772161612 0.0317287073097
0.954648691386 0.92552522116 0.983772161612 0.0298932258639
GM
1 1 1 1
1 1 1 1
1 1 1 1
1 1 1 1
1 1 1 1
1 1 1 1
1 1 1 1
1 1 1 1
1 1 1 1
1 1 1 1
1 1 1 1
1 1 1 1
1 1 1 1
1 1 1 1
1 1 1 1
1 1 1 1
1 1 1 1
1 1 1 1
1 1 1 1
1 1 1 1
1 1 1 1
1 1 1 1
1 1 1 1
1 1 1 1
1 1 1 1
1 1 1 1
1 1 1 1
1 1 1 1
1 1 1 1
1 1 1 1
1 1 1 1
1 1 1 1
1 1 1 1
1 1 1 1
1 1 1 1
1 1 1 1
1 1 1 1
1 1 1 1
1 1 1 1
1 1 1 1
1 1 1 1
1 1 1 1
1 1 1 1
1 1 1 1
1 1 1 1
1 1 1 1
1 1 1 1
1 1 1 1
1 1 1 1
1 1 1 1
1 1 1 1
1 1 1 1
1 1 1 1
1 1 1 1
1 1 1 1
1 1 1 1
1 1 1 1
1 1 1 1
Rand
0.222109921212 0.137108593953 0.307111248471 0.00119006675291
0.246755226136 0.161642164215 0.331868288056 0.00160339373886
0.406221778294 0.348565053436 0.463878503151 0.00206592314075
0.416151976235 0.360811223612 0.471492728858 0.00254660316263
0.43904319294 0.381288688591 0.496797697288 0.00306812207947
0.444786475413 0.386613385209 0.502959565616 0.00347304105764
0.477124642207 0.434138065432 0.520111218981 0.00392587233414
0.480002759957 0.440498431932 0.519507087982 0.00444792509275
0.480002759957 0.440498431932 0.519507087982 0.00489319361093
0.516163661709 0.477584256923 0.554743066495 0.00535776940625
0.56815632675 0.533751067652 0.602561585849 0.00577425495598
0.569985829476 0.535194902605 0.604776756347 0.0062616079999
0.572787894606 0.540113953285 0.605461835926 0.0067680458869
0.572787894606 0.540113953285 0.605461835926 0.00726456321445
0.58950904873 0.551982673922 0.627035423537 0.00778327946203
0.605946848268 0.569976036785 0.641917659752 0.00852981268249
0.626853503747 0.5925554137 0.661151593793 0.00866825564668
0.628984793656 0.594867431992 0.663102155321 0.00975796014791
0.675911977628 0.638234986956 0.713588968301 0.00979977775278
0.675911977628 0.638234986956 0.713588968301 0.0102210678784
0.675911977628 0.638234986956 0.713588968301 0.0107387164424
0.676878162387 0.639359995074 0.7143963297 0.0110980809234
0.682533184947 0.644135829377 0.720930540517 0.0116447793768
0.688661198078 0.650445355461 0.726877040696 0.012361283998
0.679665133203 0.644402759543 0.714927506864 0.0123776996322
0.679665133203 0.644402759543 0.714927506864 0.0130035401272
0.699399268614 0.661262392519 0.737536144709 0.0133950240876
0.699399268614 0.661262392519 0.737536144709 0.0139146300715
0.700935046152 0.663654549474 0.738215542829 0.0143587864193
0.700935046152 0.663654549474 0.738215542829 0.0149125582761
0.701485978433 0.664347405954 0.738624550912 0.0153404324501
0.700040962092 0.662167282121 0.737914642063 0.0159106644279
0.701243779921 0.662837503865 0.739650055977 0.0162713190265
0.701243779921 0.662837503865 0.739650055977 0.0166470991417
0.701243779921 0.662837503865 0.739650055977 0.017445726421
0.701243779921 0.662837503865 0.739650055977 0.0175483575001
0.720784854361 0.686462311061 0.755107397662 0.0181745094028
0.720784854361 0.686462311061 0.755107397662 0.0185561172906
0.720784854361 0.686462311061 0.755107397662 0.0189864382393
0.718905979441 0.684171192701 0.753640766181 0.0211214049149
0.718905979441 0.684171192701 0.753640766181 0.0200382399753
0.718905979441 0.684171192701 0.753640766181 0.0203263365807
0.716435932179 0.68231633917 0.750555525189 0.0207972295036
0.716435932179 0.68231633917 0.750555525189 0.0214421548416
0.716435932179 0.68231633917 0.750555525189 0.0220677729025
0.761852358547 0.716740312279 0.806964404814 0.0223642775157
0.761852358547 0.716740312279 0.806964404814 0.0226923232798
0.761852358547 0.716740312279 0.806964404814 0.0236890503404
0.761852358547 0.716740312279 0.806964404814 0.0238161491671
0.761852358547 0.716740312279 0.806964404814 0.0244883894087
0.777181124721 0.734771681594 0.819590567849 0.024904741498
0.777181124721 0.734771681594 0.819590567849 0.0252401720732
0.780909750081 0.739312046647 0.822507453515 0.026201532117
0.781242768689 0.739882517418 0.82260301996 0.0320009666095
0.781242768689 0.739882517418 0.82260301996 0.0268574012111
0.791248979976 0.752808421486 0.829689538465 0.0272691711586
0.793371794258 0.755484512997 0.831259075519 0.028001157191
0.793371794258 0.755484512997 0.831259075519 0.0281868451513
