RG
0.912260370442 0.847646220948 0.976874519936 0.00125990556363
0.943476230887 0.892499662902 0.994452798872 0.00181699950597
0.945045192416 0.894095646296 0.995994738537 0.00208588018706
0.94637036482 0.895873708317 0.996867021323 0.00282420062905
0.951307004906 0.903846688633 0.998767321178 0.00321197010236
0.952890441697 0.906270854175 0.999510029218 0.003903734535
0.959209889743 0.913605451983 1.0048143275 0.00572408765181
0.964005030554 0.918483845576 1.00952621553 0.0063909301529
0.964005030554 0.918483845576 1.00952621553 0.00550564264751
0.965763995308 0.919926842801 1.01160114781 0.00578668838754
0.968431142628 0.922320278857 1.0145420064 0.00608621186575
0.971452282062 0.925069176953 1.01783538717 0.00670538048721
0.971452282062 0.925069176953 1.01783538717 0.00664139885289
0.973300481565 0.928020809602 1.01858015353 0.0077824156243
0.973300481565 0.928020809602 1.01858015353 0.00829157265871
0.976525965967 0.930202434193 1.02284949774 0.0087877097922
0.977432878648 0.931246591862 1.02361916543 0.00927010369694
0.981598810803 0.936583535926 1.02661408568 0.00977761680446
0.981598810803 0.936583535926 1.02661408568 0.0106976898027
0.982892899942 0.937954576704 1.02783122318 0.0107842261139
0.984390191752 0.94006398725 1.02871639625 0.0112445913984
0.987901154443 0.944409550871 1.03139275802 0.0117448712276
0.991386103849 0.948937808752 1.03383439894 0.012881482275
0.991386103849 0.948937808752 1.03383439894 0.0135511523303
0.991386103849 0.948937808752 1.03383439894 0.014531853352
0.990131204049 0.947481609318 1.03278079878 0.0136953575965
0.992905555285 0.950200811024 1.03561029955 0.014410531548
0.994548495309 0.952085383079 1.03701160754 0.0156329555787
0.994548495309 0.952085383079 1.03701160754 0.0164958856784
0.994548495309 0.952085383079 1.03701160754 0.0164967405204
0.994548495309 0.952085383079 1.03701160754 0.0173867625352
0.994548495309 0.952085383079 1.03701160754 0.0170657364934
0.99526733558 0.953524534655 1.03701013651 0.017888423263
0.99526733558 0.953524534655 1.03701013651 0.017804582992
0.99526733558 0.953524534655 1.03701013651 0.0183647675168
0.99526733558 0.953524534655 1.03701013651 0.019046536874
0.99526733558 0.953524534655 1.03701013651 0.0200181634194
0.99526733558 0.953524534655 1.03701013651 0.0196227003682
0.99526733558 0.953524534655 1.03701013651 0.0211098623843
0.997731745616 0.955461948202 1.04000154303 0.0217874890457
0.997939790349 0.95568337384 1.04019620686 0.0211539853818
0.997939790349 0.95568337384 1.04019620686 0.0214656081619
0.997939790349 0.95568337384 1.04019620686 0.0224935227637
0.997939790349 0.95568337384 1.04019620686 0.0224791877213
0.997939790349 0.95568337384 1.04019620686 0.0224166527426
0.997939790349 0.95568337384 1.04019620686 0.0265024028622
0.997939790349 0.95568337384 1.04019620686 0.0259819356108
0.997939790349 0.95568337384 1.04019620686 0.0252278992278
0.997939790349 0.95568337384 1.04019620686 0.0251708220864
0.997939790349 0.95568337384 1.04019620686 0.0253544815978
0.997939790349 0.95568337384 1.04019620686 0.0277440279589
1.00040420038 0.957839009339 1.04296939143 0.0282920474248
1.00040420038 0.957839009339 1.04296939143 0.0275214402588
1.00040420038 0.957839009339 1.04296939143 0.0286114952968
1.00040420038 0.957839009339 1.04296939143 0.0282589716159
1.00060326974 0.958037896492 1.04316864299 0.0298625236553
1.00060326974 0.958037896492 1.04316864299 0.0300861634685
1.00060326974 0.958037896492 1.04316864299 0.0323464314194
GS
0.912260370442 0.847646220948 0.976874519936 0.00119809391281
0.926828201057 0.870786721355 0.982869680758 0.00181338286682
0.937370718522 0.885767514237 0.988973922808 0.00243564207082
0.942321480898 0.892811949752 0.991831012044 0.00260582138182
0.942321480898 0.892811949752 0.991831012044 0.00328930042297
0.948784627071 0.901915941184 0.995653312959 0.00363590596712
0.948784627071 0.901915941184 0.995653312959 0.00423718866409
0.959730722984 0.911933468824 1.00752797714 0.00485635728555
0.957420415241 0.909228113693 1.00561271679 0.00554614900593
0.957420415241 0.909228113693 1.00561271679 0.00581733118466
0.957420415241 0.909228113693 1.00561271679 0.00619872222166
0.957420415241 0.909228113693 1.00561271679 0.00884064423785
0.959068146534 0.911477525436 1.00665876763 0.00760145215295
0.959068146534 0.911477525436 1.00665876763 0.00759040496429
0.959068146534 0.911477525436 1.00665876763 0.0078008276054
0.964395607236 0.918619259539 1.01017195493 0.00996647112485
0.966860017271 0.921300684364 1.01241935018 0.0093779453005
0.967681487283 0.92180318059 1.01355979398 0.0095153118309
0.967681487283 0.92180318059 1.01355979398 0.00953517046766
0.967681487283 0.92180318059 1.01355979398 0.0118235166897
0.967681487283 0.92180318059 1.01355979398 0.0112302563559
0.97096736733 0.924471542344 1.01746319232 0.0121100860241
0.97096736733 0.924471542344 1.01746319232 0.0133426366444
0.97096736733 0.924471542344 1.01746319232 0.0133682819037
0.97096736733 0.924471542344 1.01746319232 0.0143876480858
0.97096736733 0.924471542344 1.01746319232 0.0134615254366
0.97096736733 0.924471542344 1.01746319232 0.0141195564896
0.97096736733 0.924471542344 1.01746319232 0.0144273653593
0.97096736733 0.924471542344 1.01746319232 0.0148918733395
0.97096736733 0.924471542344 1.01746319232 0.0154655380648
0.97096736733 0.924471542344 1.01746319232 0.0159531267785
0.975418745593 0.929912354431 1.02092513676 0.0172022481818
0.975418745593 0.929912354431 1.02092513676 0.0178589640933
0.975418745593 0.929912354431 1.02092513676 0.0176418342305
0.977061685616 0.932904950677 1.02121842056 0.0179954100246
0.977061685616 0.932904950677 1.02121842056 0.0208442037999
0.977061685616 0.932904950677 1.02121842056 0.0184563671228
0.977061685616 0.932904950677 1.02121842056 0.0191099924517
0.977061685616 0.932904950677 1.02121842056 0.0203445157843
0.977061685616 0.932904950677 1.02121842056 0.0198590970541
0.977061685616 0.932904950677 1.02121842056 0.0198646206484
0.977061685616 0.932904950677 1.02121842056 0.0202424608034
0.978267286258 0.933552590799 1.02298198172 0.0212785950396
0.978475330991 0.933755888428 1.02319477355 0.0220691265994
0.978475330991 0.933755888428 1.02319477355 0.0227666118976
0.978475330991 0.933755888428 1.02319477355 0.0227969916664
0.978475330991 0.933755888428 1.02319477355 0.0232892491325
0.978475330991 0.933755888428 1.02319477355 0.0237992610088
0.978475330991 0.933755888428 1.02319477355 0.0254336531166
0.978475330991 0.933755888428 1.02319477355 0.0253227866875
0.978475330991 0.933755888428 1.02319477355 0.026218595325
0.978475330991 0.933755888428 1.02319477355 0.0255235430386
0.978475330991 0.933755888428 1.02319477355 0.0279517545599
0.978475330991 0.933755888428 1.02319477355 0.0264610416618
0.978475330991 0.933755888428 1.02319477355 0.0264077784307
0.978475330991 0.933755888428 1.02319477355 0.0286253042826
0.978475330991 0.933755888428 1.02319477355 0.0291551090387
0.978475330991 0.933755888428 1.02319477355 0.031311875353
GM
1 1 1 1
1 1 1 1
1 1 1 1
1 1 1 1
1 1 1 1
1 1 1 1
1 1 1 1
1 1 1 1
1 1 1 1
1 1 1 1
1 1 1 1
1 1 1 1
1 1 1 1
1 1 1 1
1 1 1 1
1 1 1 1
1 1 1 1
1 1 1 1
1 1 1 1
1 1 1 1
1 1 1 1
1 1 1 1
1 1 1 1
1 1 1 1
1 1 1 1
1 1 1 1
1 1 1 1
1 1 1 1
1 1 1 1
1 1 1 1
1 1 1 1
1 1 1 1
1 1 1 1
1 1 1 1
1 1 1 1
1 1 1 1
1 1 1 1
1 1 1 1
1 1 1 1
1 1 1 1
1 1 1 1
1 1 1 1
1 1 1 1
1 1 1 1
1 1 1 1
1 1 1 1
1 1 1 1
1 1 1 1
1 1 1 1
1 1 1 1
1 1 1 1
1 1 1 1
1 1 1 1
1 1 1 1
1 1 1 1
1 1 1 1
1 1 1 1
1 1 1 1
Rand
0.352333448756 0.335850041015 0.368816856496 0.00129686103998
0.381317381542 0.365477743995 0.39715701909 0.00148499203254
0.381317381542 0.365477743995 0.39715701909 0.0019665310953
0.382446293748 0.367155920559 0.397736666937 0.00234818516061
0.519164423337 0.492027252867 0.546301593806 0.00280328987909
0.567536632383 0.533685928001 0.601387336764 0.00366654876423
0.567536632383 0.533685928001 0.601387336764 0.00427250021355
0.584694186494 0.5522097506 0.617178622388 0.00406839025167
0.584694186494 0.5522097506 0.617178622388 0.00485971089639
0.584694186494 0.5522097506 0.617178622388 0.00491705106609
0.584694186494 0.5522097506 0.617178622388 0.0051752133439
0.586796257022 0.554471429184 0.619121084859 0.00613335968877
0.586796257022 0.554471429184 0.619121084859 0.00673405057206
0.59165975103 0.559808404815 0.623511097244 0.00659891978222
0.59165975103 0.559808404815 0.623511097244 0.00735348222182
0.59165975103 0.559808404815 0.623511097244 0.00806813011668
0.59165975103 0.559808404815 0.623511097244 0.0082622450031
0.59165975103 0.559808404815 0.623511097244 0.00845951622914
0.59165975103 0.559808404815 0.623511097244 0.00877337474977
0.59165975103 0.559808404815 0.623511097244 0.0123403673019
0.59165975103 0.559808404815 0.623511097244 0.00983719271472
0.594445093935 0.56337902642 0.62551116145 0.0106303545575
0.63807750439 0.599696798876 0.676458209905 0.0107646305054
0.63807750439 0.599696798876 0.676458209905 0.0122940085638
0.639994115727 0.602912589035 0.677075642418 0.0117208698951
0.639994115727 0.602912589035 0.677075642418 0.0132772083544
0.642917441812 0.606274908184 0.67955997544 0.0125905072165
0.642917441812 0.606274908184 0.67955997544 0.0135144598822
0.642917441812 0.606274908184 0.67955997544 0.0154556087465
0.642917441812 0.606274908184 0.67955997544 0.0149086413937
0.642917441812 0.606274908184 0.67955997544 0.01447951072
0.642917441812 0.606274908184 0.67955997544 0.0176686631172
0.642917441812 0.606274908184 0.67955997544 0.0234216181251
0.642917441812 0.606274908184 0.67955997544 0.0171074264792
0.642917441812 0.606274908184 0.67955997544 0.0162154317521
0.642917441812 0.606274908184 0.67955997544 0.0165444144
0.676333704762 0.64239046991 0.710276939614 0.0176493305371
0.711258874043 0.676353750767 0.74616399732 0.0191720013738
0.711258874043 0.676353750767 0.74616399732 0.0178581092513
0.711258874043 0.676353750767 0.74616399732 0.0182169456115
0.752470516983 0.712212776523 0.792728257443 0.0186446953866
0.752470516983 0.712212776523 0.792728257443 0.0196618915851
0.752470516983 0.712212776523 0.792728257443 0.0195783143424
0.752470516983 0.712212776523 0.792728257443 0.0209444175827
0.752470516983 0.712212776523 0.792728257443 0.0228204011852
0.761567622101 0.726464360011 0.796670884191 0.0233700645781
0.761567622101 0.726464360011 0.796670884191 0.0218035337721
0.761567622101 0.726464360011 0.796670884191 0.0216134958243
0.761567622101 0.726464360011 0.796670884191 0.0224229654218
0.761567622101 0.726464360011 0.796670884191 0.0224380895492
0.761567622101 0.726464360011 0.796670884191 0.0245921598234
0.761974687858 0.727114299858 0.796835075858 0.0235181495117
0.761974687858 0.727114299858 0.796835075858 0.0271130888209
0.761974687858 0.727114299858 0.796835075858 0.0262271437448
0.761974687858 0.727114299858 0.796835075858 0.0257516543329
0.761974687858 0.727114299858 0.796835075858 0.0256686031468
0.761974687858 0.727114299858 0.796835075858 0.0278124153172
0.761974687858 0.727114299858 0.796835075858 0.0272928686649
